frequency,distance,len_phrase,nnp,nn,jj, vb,cd,sumsimilarity,class
0,-1,0.0625,1,1,0,0,0,0.0821534162387,1
3,82,0.05555555555555555,1,1,0,0,0,0.264112995006,1
1,1716,0.05,1,1,0,0,0,0.0946903880686,1
0,-1,0.0625,1,1,0,0,0,0.162468416616,1
0,-1,0.05,1,0,0,1,0,0.0633516944945,1
0,-1,0.03571428571428571,1,1,0,0,0,0.16191897355,1
0,-1,0.07142857142857142,0,0,0,0,0,0.264112995006,0
0,-1,0.045454545454545456,0,0,0,0,0,0.0821534162387,0
0,-1,0.0625,0,0,0,0,0,0.0946903880686,0
0,-1,0.5,0,0,0,0,0,0.162468416616,0
0,-1,0.038461538461538464,0,0,0,0,0,0.0633516944945,0
9,24056,0.16666666666666666,0,0,0,0,0,0.16191897355,0
1,34414,0.125,1,0,0,0,0,0.0356813769322,1
3,143,0.25,1,0,0,0,0,0.0645822798833,1
0,-1,0.041666666666666664,0,1,0,1,0,0.2443035529,1
0,-1,0.0625,1,1,0,0,0,0.0689618624747,1
0,-1,0.043478260869565216,1,1,0,0,0,0.0783382464894,1
0,-1,0.058823529411764705,0,1,0,0,1,0.178758522185,1
0,-1,0.03571428571428571,0,0,0,0,0,0.0356813769322,0
1,8054,0.0625,0,0,0,0,0,0.0645822798833,0
0,-1,0.034482758620689655,0,0,0,0,0,0.2443035529,0
1,34303,0.14285714285714285,0,0,0,0,0,0.0689618624747,0
0,-1,0.02857142857142857,0,0,0,0,0,0.0783382464894,0
0,-1,0.04,0,0,0,0,0,0.178758522185,0
0,-1,0.043478260869565216,1,0,1,0,0,0.0119035020471,1
0,-1,0.09090909090909091,0,1,0,1,0,0.0985768958926,1
0,-1,0.09090909090909091,1,0,0,0,0,0.0,1
0,-1,0.058823529411764705,1,0,0,1,0,0.0341411181726,1
0,-1,0.05555555555555555,1,1,0,0,0,0.0975578418002,1
0,-1,0.05555555555555555,0,0,0,0,0,0.0119035020471,0
0,-1,0.043478260869565216,0,0,0,0,0,0.0985768958926,0
0,-1,0.03571428571428571,0,0,0,0,0,0.0,0
2,11646,0.1,0,0,0,0,0,0.0341411181726,0
5,20197,0.16666666666666666,0,0,0,0,0,0.0975578418002,0
1,49746,0.0625,1,1,0,0,0,0.173351487727,1
0,-1,0.06666666666666667,1,0,0,0,0,0.0,1
0,-1,0.07142857142857142,1,1,0,0,0,0.196458898252,1
0,-1,0.06666666666666667,1,1,0,0,0,0.122341169976,1
2,7879,0.045454545454545456,1,1,0,0,0,0.138488129014,1
1,16957,0.05263157894736842,1,1,0,0,0,0.262419380248,1
0,-1,0.058823529411764705,1,1,0,0,0,0.256288647186,1
0,-1,0.05,1,0,0,1,0,0.191399657866,1
0,-1,0.04,1,1,0,1,0,0.293239682602,1
0,-1,0.05,0,0,0,0,0,0.173351487727,0
1,13967,0.058823529411764705,0,0,0,0,0,0.0,0
26,695,0.08333333333333333,0,0,0,0,0,0.196458898252,0
1,40220,0.08333333333333333,0,0,0,0,0,0.122341169976,0
0,-1,0.04,0,0,0,0,0,0.138488129014,0
0,-1,0.03571428571428571,0,0,0,0,0,0.262419380248,0
0,-1,0.041666666666666664,0,0,0,0,0,0.256288647186,0
0,-1,0.05,0,0,0,0,0,0.191399657866,0
0,-1,0.5,0,0,0,0,0,0.293239682602,0
3,67925,0.037037037037037035,1,1,0,1,0,0.236304082985,1
2,65404,0.058823529411764705,1,0,0,1,0,0.122185435612,1
1,70785,0.08333333333333333,1,1,0,0,0,0.125020965934,1
0,-1,0.0625,0,0,1,1,0,0.203021386638,1
0,-1,0.05555555555555555,1,1,0,0,0,0.10499191063,1
1,66554,0.14285714285714285,0,0,0,0,0,0.236304082985,0
0,-1,0.05263157894736842,0,0,0,0,0,0.122185435612,0
3,12968,0.09090909090909091,0,0,0,0,0,0.125020965934,0
35,288,0.16666666666666666,0,0,0,0,0,0.203021386638,0
1,874,0.03333333333333333,0,0,0,0,0,0.10499191063,0
0,-1,0.058823529411764705,1,1,0,0,0,0.124911054736,1
0,-1,0.05555555555555555,1,0,0,1,0,0.0455474753398,1
0,-1,0.038461538461538464,1,0,0,1,0,0.0740696317516,1
0,-1,0.047619047619047616,1,0,0,1,0,0.0445144465193,1
0,-1,0.03225806451612903,1,1,0,0,0,0.0743135699692,1
0,-1,0.2,0,0,0,0,0,0.124911054736,0
11,11070,0.07692307692307693,0,0,0,0,0,0.0455474753398,0
0,-1,0.047619047619047616,0,0,0,0,0,0.0740696317516,0
2,6656,0.5,0,0,0,0,0,0.0445144465193,0
6,564,0.2,0,0,0,0,0,0.0743135699692,0
0,-1,0.034482758620689655,1,1,0,0,0,0.205020738882,1
0,-1,0.05555555555555555,1,0,0,1,0,0.0752932673786,1
0,-1,0.043478260869565216,1,0,0,1,0,0.13040729292,1
0,-1,0.038461538461538464,1,0,0,1,0,0.122229726519,1
0,-1,0.05263157894736842,1,1,0,1,0,0.130124259585,1
0,-1,0.058823529411764705,1,1,0,0,0,-0.032165016979,1
1,2449,0.09090909090909091,0,0,0,0,0,0.205020738882,0
9,17008,0.125,0,0,0,0,0,0.0752932673786,0
0,-1,0.06666666666666667,0,0,0,0,0,0.13040729292,0
7,9288,0.2,0,0,0,0,0,0.122229726519,0
0,-1,0.0625,0,0,0,0,0,0.130124259585,0
0,-1,0.25,0,0,0,0,0,-0.032165016979,0
1,21177,0.05,1,1,0,0,0,0.0736182222608,1
31,278,0.3333333333333333,0,1,0,0,0,0.00753274001181,1
0,-1,0.045454545454545456,1,1,0,0,0,0.0702054373299,1
0,-1,0.05,1,0,0,1,0,0.0511425361037,1
0,-1,0.029411764705882353,1,1,0,1,0,0.148657742112,1
0,-1,0.1111111111111111,0,0,0,0,0,0.0736182222608,0
15,446,0.125,0,0,0,0,0,0.00753274001181,0
1,30271,0.125,0,0,0,0,0,0.0702054373299,0
0,-1,0.1,0,0,0,0,0,0.0511425361037,0
1,11829,0.058823529411764705,0,0,0,0,0,0.148657742112,0
0,-1,0.037037037037037035,0,1,1,0,0,0.372832321329,1
0,-1,0.1,1,0,0,0,0,0.0,1
0,-1,0.07142857142857142,1,1,0,0,0,0.329287541535,1
2,34,0.16666666666666666,1,0,0,0,0,0.0735407276079,1
0,-1,0.043478260869565216,1,1,0,0,0,-0.0035893805325,1
4,482,0.08333333333333333,0,0,0,0,0,0.18459713622,1
2,2189,0.0625,1,0,0,0,0,0.203274619067,1
0,-1,0.05555555555555555,0,0,0,0,0,0.372832321329,0
1,668,0.1111111111111111,0,0,0,0,0,0.0,0
2,7442,0.16666666666666666,0,0,0,0,0,0.329287541535,0
0,-1,0.045454545454545456,0,0,0,0,0,0.0735407276079,0
0,-1,0.07692307692307693,0,0,0,0,0,-0.0035893805325,0
0,-1,0.047619047619047616,0,0,0,0,0,0.18459713622,0
0,-1,0.0625,0,0,0,0,0,0.203274619067,0
0,-1,0.02857142857142857,1,1,1,1,0,0.059021865949,1
0,-1,0.038461538461538464,0,1,1,0,0,0.0612558840464,1
0,-1,0.045454545454545456,1,1,0,0,0,0.13588189939,1
0,-1,0.04,0,1,1,0,0,0.0885571992646,1
0,-1,0.038461538461538464,0,0,0,0,0,0.059021865949,0
0,-1,0.058823529411764705,0,0,0,0,0,0.0612558840464,0
0,-1,0.058823529411764705,0,0,0,0,0,0.13588189939,0
39,4,0.25,0,0,0,0,0,0.0885571992646,0
1,6058,0.05555555555555555,1,1,0,0,0,0.0985451326706,1
0,-1,0.058823529411764705,1,1,0,0,0,0.104990107007,1
0,-1,0.05263157894736842,1,1,0,0,0,0.0922507604118,1
0,-1,0.04,0,0,0,0,0,0.0985451326706,0
0,-1,0.05,0,0,0,0,0,0.104990107007,0
0,-1,0.045454545454545456,0,0,0,0,0,0.0922507604118,0
0,-1,0.0625,1,1,0,0,0,0.0622739374521,1
0,-1,0.047619047619047616,1,0,0,1,0,0.069949344499,1
0,-1,0.09090909090909091,0,1,0,1,0,0.00720963650383,1
0,-1,0.0625,0,1,0,1,0,0.0655576204881,1
3,4639,0.1,0,0,0,0,0,0.0622739374521,0
0,-1,0.025,0,0,0,0,0,0.069949344499,0
1,12421,0.03225806451612903,0,0,0,0,0,0.00720963650383,0
0,-1,0.07142857142857142,0,0,0,0,0,0.0655576204881,0
0,-1,0.05555555555555555,1,1,0,0,0,0.0425970177166,1
0,-1,0.05263157894736842,0,0,1,1,0,0.106142317876,1
0,-1,0.06666666666666667,0,1,1,0,0,0.158764584274,1
0,-1,0.045454545454545456,1,1,0,0,0,0.0365240499377,1
0,-1,0.05,1,0,0,1,0,0.0511425361037,1
0,-1,0.06666666666666667,0,0,0,0,0,0.0425970177166,0
0,-1,0.041666666666666664,0,0,0,0,0,0.106142317876,0
0,-1,0.038461538461538464,0,0,0,0,0,0.158764584274,0
0,-1,0.05,0,0,0,0,0,0.0365240499377,0
0,-1,0.09090909090909091,0,0,0,0,0,0.0511425361037,0
0,-1,0.038461538461538464,1,1,0,1,0,0.155922660294,1
0,-1,0.05263157894736842,1,1,0,0,0,0.0813804306672,1
0,-1,0.05,1,1,0,0,0,0.117423139978,1
0,-1,0.02857142857142857,1,1,0,0,0,0.161207776144,1
0,-1,0.03225806451612903,1,1,0,0,0,0.123793504046,1
13,612,0.09090909090909091,1,0,1,0,0,0.193570410367,1
0,-1,0.1,0,0,0,0,0,0.155922660294,0
2,27806,0.16666666666666666,0,0,0,0,0,0.0813804306672,0
0,-1,0.1,0,0,0,0,0,0.117423139978,0
1,29327,0.07692307692307693,0,0,0,0,0,0.161207776144,0
2,16209,0.08333333333333333,0,0,0,0,0,0.123793504046,0
0,-1,0.08333333333333333,0,0,0,0,0,0.193570410367,0
2,888,0.05,1,1,0,0,0,0.326548527228,1
0,-1,0.027777777777777776,1,1,0,1,0,0.522480217565,1
0,-1,0.0625,1,1,0,0,0,0.197939754464,1
0,-1,0.023255813953488372,1,1,0,1,0,0.513391133281,1
0,-1,0.1,0,1,0,0,0,0.0,1
0,-1,0.05,1,1,0,0,0,0.303184730932,1
0,-1,0.05,1,0,0,1,0,0.26210559532,1
2,26990,0.2,0,0,0,0,0,0.326548527228,0
0,-1,0.030303030303030304,0,0,0,0,0,0.522480217565,0
0,-1,0.05555555555555555,0,0,0,0,0,0.197939754464,0
0,-1,0.058823529411764705,0,0,0,0,0,0.513391133281,0
0,-1,0.04,0,0,0,0,0,0.0,0
1,14499,0.058823529411764705,0,0,0,0,0,0.303184730932,0
0,-1,0.047619047619047616,0,0,0,0,0,0.26210559532,0
0,-1,0.037037037037037035,1,1,0,0,0,0.120379238613,1
0,-1,0.03225806451612903,1,1,0,0,0,0.123793504046,1
0,-1,0.0625,0,1,0,1,0,0.108417229727,1
0,-1,0.0625,1,1,0,0,0,0.135057383224,1
0,-1,0.06666666666666667,1,1,0,0,0,0.130539149046,1
0,-1,0.07142857142857142,0,1,0,1,0,0.0010442990897,1
0,-1,0.047619047619047616,0,0,0,0,0,0.120379238613,0
0,-1,0.047619047619047616,0,0,0,0,0,0.123793504046,0
0,-1,0.05263157894736842,0,0,0,0,0,0.108417229727,0
16,2301,0.14285714285714285,0,0,0,0,0,0.135057383224,0
1,17206,0.1,0,0,0,0,0,0.130539149046,0
2,35063,0.09090909090909091,0,0,0,0,0,0.0010442990897,0
0,-1,0.02702702702702703,1,1,0,0,0,0.0467212894,1
0,-1,0.038461538461538464,0,1,1,0,0,0.0674202696731,1
0,-1,0.05555555555555555,1,0,0,1,0,0.0408085948293,1
0,-1,0.047619047619047616,1,1,0,0,0,0.103183359179,1
1,29323,0.09090909090909091,1,0,0,0,0,0.0190744022839,1
3,11295,0.1111111111111111,0,0,0,0,0,0.0467212894,0
0,-1,0.125,0,0,0,0,0,0.0674202696731,0
0,-1,0.03225806451612903,0,0,0,0,0,0.0408085948293,0
0,-1,0.058823529411764705,0,0,0,0,0,0.103183359179,0
0,-1,0.03333333333333333,0,0,0,0,0,0.0190744022839,0
